Matrix of shape 4,4 with uniformly random values from (0,1):
A = ( 0.131538     0.45865      0.218959     0.678865    
      0.934693     0.519416     0.0345721    0.5297      
      0.00769819   0.0668422    0.686773     0.930436    
      0.526929     0.653919     0.701191     0.762198    )
QR factorization of A:
Q = ( 0.121676      0.742332     -0.396385      0.526325     
      0.864617     -0.40004      -0.10496       0.285288     
      0.00712104    0.1263        0.870432      0.475759     
      0.487424      0.522456      0.272417     -0.644396     )
R = ( 1.08105      0.824115     0.403201     0.918728    
      0            0.48277      0.601791     0.807771    
      0            0            0.698384     0.692828    
      0            0            0            0.459926    )
Q^TQ ?= I : 1
QR ?= A : 1
b = ( 0.0474645 0.328234 0.75641 0.365339 )
Solution to system of linear equations AX = b is:
x = ( 0.641802 -1.09422 0.484699 0.528496 )
Ax ?= b : 1
Inverse of A:
B = (-1.55556       1.25353       0.374581      0.0570661    
      1.74555      -0.9121       -1.74362       1.20766      
     -1.70284      -0.765647      0.220157      1.78001      
      1.14437       0.620292      1.03442      -1.40109      )
B * A = ( 1             2.01228e-16   9.02056e-17   1.04083e-16  
          3.33067e-16   1            -5.55112e-16  -5.55112e-16  
          6.66134e-16   4.44089e-16   1             0            
         -6.66134e-16  -3.33067e-16   6.66134e-16   1            )
B * A ?= I : 1
